6416 80
28672 60
25537 92
16699 49
27158 68
19983 69
27031 106
29404 59
15358 87
12849 82
27301 47
7315 61
15495 90
15743 98
29201 35
7575 45
13683 96
24157 65
11320 114
6741 83
15599 31
22207 40
18414 70
15563 104
15509 33
11814 38
11967 81
21704 30
7800 80
12962 90
12834 64
22643 56
18302 41
7744 40
25094 83
5154 79
6839 107
26072 60
9188 46
15581 34
11690 35
20238 75
8832 61
8565 98
29180 84
16831 73
19532 49
8460 67
6914 58
10205 45
15592 86
9049 115
16227 61
24849 70
27994 63
27584 30
7752 78
23806 55
28218 72
14763 35
26806 45
9616 112
6354 80
10015 62
9132 78
15670 46
25068 77
19309 95
29434 107
13021 41
6731 99
20502 49
20914 30
19798 32
24383 92
19415 64
11556 39
20844 61
9321 94
14062 84
26903 55
9172 86
17279 91
25634 37
23688 95
11188 59
10787 36
16574 40
19183 71
8816 82
15766 38
6882 32
7526 97
8004 93
10423 47
11029 92
11009 85
14751 68
27359 78
7042 44
28806 83
17479 65
17484 37
15437 94
7020 115
16658 80
26693 60
21673 76
25173 41
16325 100
23238 85
24851 108
12231 33
11260 114
15772 36
23309 34
7036 85
14992 81
25550 60
18837 83
6244 111
27003 39
27038 72
13348 45
22766 77
17907 70
11226 105
9158 90
12699 107
13664 50
9821 115
26730 35
28098 50
10093 72
24103 56
9340 92
13660 101
8716 46
15207 71
10795 32
26066 93
7377 108
12615 36
18249 50
21559 77
11192 43
15765 31
8452 61
8951 70
23032 56
10694 55
6330 73
26148 91
25736 80
21278 44